0000001
0000002
0000003
0000004
0000005
0000006
0000007
0000008
0000009
0000010
0000011
0000012
0000013
0000014
0000015
0000016
0000017
0000018
0000019
0000020
0000021
0000022
0000023
0000024
0000025
0000026
0000027
0000028
0000029
0000030
0000031
0000032
0000033
0000034
0000035
0000036
0000037
0000038
0000039
0000040
0000041
0000042
0000043
0000044
0000045
0000046
0000047
0000048
0000049
0000050
0000051
0000052
0000053
0000054
0000055
0000056
0000057
0000058
0000059
0000060
0000061
0000062
0000063
0000064
0000065
0000066
0000067
0000068
0000069
0000070
0000071
0000072
0000073
0000074
0000075
0000076
0000077
0000078
0000079
0000080
0000081
0000082
0000083
0000084
0000085
0000086
0000087
0000088
0000089
0000090
0000091
0000092
0000093
0000094
0000095
0000096
0000097
0000098
0000099
0000100
0000101
0000102
0000103
0000104
0000105
0000106
0000107
0000108
0000109
0000110
0000111
0000112
0000113
0000114
0000115
0000116
0000117
0000118
0000119
0000120
0000121
0000122
0000123
0000124
0000125
0000126
0000127
0000128
0000129
0000130
0000131
0000132
0000133
0000134
0000135
0000136
0000137
0000138
0000139
0000140
0000141
0000142
0000143
0000144
0000145
0000146
0000147
0000148
0000149
0000150
0000151
0000152
0000153
0000154
0000155
0000156
0000157
0000158
0000159
0000160
0000161
0000162
0000163
0000164
0000165
0000166
0000167
0000168
0000169
0000170
0000171
0000172
0000173
0000174
0000175
0000176
0000177
0000178
0000179
0000180
0000181
0000182
0000183
0000184
0000185
0000186
0000187
0000188
0000189
0000190
0000191
0000192
0000193
0000194
0000195
0000196
0000197
0000198
0000199
0000200
0000201
0000202
0000203
0000204
0000205
0000206
0000207
0000208
0000209
0000210
0000211
0000212
0000213
0000214
0000215
0000216
0000217
0000218
0000219
0000220
0000221
0000222
0000223
0000224
0000225
0000226
0000227
0000228
0000229
0000230
0000231
0000232
0000233
0000234
0000235
0000236
0000237
0000238
0000239
0000240
0000241
0000242
0000243
0000244
0000245
0000246
0000247
0000248
0000249
0000250
0000251
0000252
0000253
0000254
0000255
0000256
0000257
0000258
0000259
0000260
0000261
0000262
0000263
0000264
0000265
0000266
0000267
0000268
0000269
0000270
0000271
0000272
0000273
0000274
0000275
0000276
0000277
0000278
0000279
0000280
0000281
0000282
0000283
0000284
0000285
0000286
0000287
0000288
0000289
0000290
0000291
0000292
0000293
0000294
0000295
0000296
0000297
0000298
0000299
0000300
0000301
0000302
0000303
0000304
0000305
0000306
0000307
0000308
0000309
0000310
0000311
0000312
0000313
0000314
0000315
0000316
0000317
0000318
0000319
0000320
0000321
0000322
0000323
0000324
0000325
0000326
0000327
0000328
0000329
0000330
0000331
0000332
0000333
0000334
0000335
0000336
0000337
0000338
0000339
0000340
0000341
0000342
0000343
0000344
0000345
0000346
0000347
0000348
0000349
0000350
0000351
0000352
0000353
0000354
0000355
0000356
0000357
0000358
0000359
0000360
0000361
0000362
0000363
0000364
0000365
0000366
0000367
0000368
0000369
0000370
0000371
0000372
0000373
0000374
0000375
0000376
0000377
0000378
0000379
0000380
0000381
0000382
0000383
0000384
0000385
0000386
0000387
0000388
0000389
0000390
0000391
0000392
0000393
0000394
0000395
0000396
0000397
0000398
0000399
0000400
0000401
0000402
0000403
0000404
0000405
0000406
0000407
0000408
0000409
0000410
0000411
0000412
0000413
0000414
0000415
0000416
0000417
0000418
0000419
0000420
0000421
0000422
0000423
0000424
0000425
0000426
0000427
0000428
0000429
0000430
0000431
0000432
0000433
0000434
0000435
0000436
0000437
0000438
0000439
0000440
0000441
0000442
0000443
0000444
0000445
0000446
0000447
0000448
0000449
0000450
0000451
0000452
0000453
0000454
0000455
0000456
0000457
0000458
0000459
0000460
0000461
0000462
0000463
0000464
0000465
0000466
0000467
0000468
0000469
0000470
0000471
0000472
0000473
0000474
0000475
0000476
0000477
0000478
0000479
0000480
0000481
0000482
0000483
0000484
0000485
0000486
0000487
0000488
0000489
0000490
0000491
0000492
0000493
0000494
0000495
0000496
0000497
0000498
0000499
0000500
0000501
0000502
0000503
0000504
0000505
0000506
0000507
0000508
0000509
0000510
0000511
0000512
0000513
0000514
0000515
0000516
0000517
0000518
0000519
0000520
0000521
0000522
0000523
0000524
0000525
0000526
0000527
0000528
0000529
0000530
0000531
0000532
0000533
0000534
0000535
0000536
0000537
0000538
0000539
0000540
0000541
0000542
0000543
0000544
0000545
0000546
0000547
0000548
0000549
0000550
0000551
0000552
0000553
0000554
0000555
0000556
0000557
0000558
0000559
0000560
0000561
0000562
0000563
0000564
0000565
0000566
0000567
0000568
0000569
0000570
0000571
0000572
0000573
0000574
0000575
0000576
0000577
0000578
0000579
0000580
0000581
0000582
0000583
0000584
0000585
0000586
0000587
0000588
0000589
0000590
0000591
0000592
0000593
0000594
0000595
0000596
0000597
0000598
0000599
0000600
0000601
0000602
0000603
0000604
0000605
0000606
0000607
0000608
0000609
0000610
0000611
0000612
0000613
0000614
0000615
0000616
0000617
0000618
0000619
0000620
0000621
0000622
0000623
0000624
0000625
0000626
0000627
0000628
0000629
0000630
0000631
0000632
0000633
0000634
0000635
0000636
0000637
0000638
0000639
0000640
0000641
0000642
0000643
0000644
0000645
0000646
0000647
0000648
0000649
0000650
0000651
0000652
0000653
0000654
0000655
0000656
0000657
0000658
0000659
0000660
0000661
0000662
0000663
0000664
0000665
0000666
0000667
0000668
0000669
0000670
0000671
0000672
0000673
0000674
0000675
0000676
0000677
0000678
0000679
0000680
0000681
0000682
0000683
0000684
0000685
0000686
0000687
0000688
0000689
0000690
0000691
0000692
0000693
0000694
0000695
0000696
0000697
0000698
0000699
0000700
0000701
0000702
0000703
0000704
0000705
0000706
0000707
0000708
0000709
0000710
0000711
0000712
0000713
0000714
0000715
0000716
0000717
0000718
0000719
0000720
0000721
0000722
0000723
0000724
0000725
0000726
0000727
0000728
0000729
0000730
0000731
0000732
0000733
0000734
0000735
0000736
0000737
0000738
0000739
0000740
0000741
0000742
0000743
0000744
0000745
0000746
0000747
0000748
0000749
0000750
0000751
0000752
0000753
0000754
0000755
0000756
0000757
0000758
0000759
0000760
0000761
0000762
0000763
0000764
0000765
0000766
0000767
0000768
0000769
0000770
0000771
0000772
0000773
0000774
0000775
0000776
0000777
0000778
0000779
0000780
0000781
0000782
0000783
0000784
0000785
0000786
0000787
0000788
0000789
0000790
0000791
0000792
0000793
0000794
0000795
0000796
0000797
0000798
0000799
0000800
0000801
0000802
0000803
0000804
0000805
0000806
0000807
0000808
0000809
0000810
0000811
0000812
0000813
0000814
0000815
0000816
0000817
0000818
0000819
0000820
0000821
0000822
0000823
0000824
0000825
0000826
0000827
0000828
0000829
0000830
0000831
0000832
0000833
0000834
0000835
0000836
0000837
0000838
0000839
0000840
0000841
0000842
0000843
0000844
0000845
0000846
0000847
0000848
0000849
0000850
0000851
0000852
0000853
0000854
0000855
0000856
0000857
0000858
0000859
0000860
0000861
0000862
0000863
0000864
0000865
0000866
0000867
0000868
0000869
0000870
0000871
0000872
0000873
0000874
0000875
0000876
0000877
0000878
0000879
0000880
0000881
0000882
0000883
0000884
0000885
0000886
0000887
0000888
0000889
0000890
0000891
0000892
0000893
0000894
0000895
0000896
0000897
0000898
0000899
0000900
0000901
0000902
0000903
0000904
0000905
0000906
0000907
0000908
0000909
0000910
0000911
0000912
0000913
0000914
0000915
0000916
0000917
0000918
0000919
0000920
0000921
0000922
0000923
0000924
0000925
0000926
0000927
0000928
0000929
0000930
0000931
0000932
0000933
0000934
0000935
0000936
0000937
0000938
0000939
0000940
0000941
0000942
0000943
0000944
0000945
0000946
0000947
0000948
0000949
0000950
0000951
0000952
0000953
0000954
0000955
0000956
0000957
0000958
0000959
0000960
0000961
0000962
0000963
0000964
0000965
0000966
0000967
0000968
0000969
0000970
0000971
0000972
0000973
0000974
0000975
0000976
0000977
0000978
0000979
0000980
0000981
0000982
0000983
0000984
0000985
0000986
0000987
0000988
0000989
0000990
0000991
0000992
0000993
0000994
0000995
0000996
0000997
0000998
0000999
0001000
0001001
0001002
0001003
0001004
0001005
0001006
0001007
0001008
0001009
0001010
0001011
0001012
0001013
0001014
0001015
0001016
0001017
0001018
0001019
0001020
0001021
0001022
0001023
0001024
0001025
0001026
0001027
0001028
0001029
0001030
0001031
0001032
0001033
0001034
0001035
0001036
0001037
0001038
0001039
0001040
0001041
0001042
0001043
0001044
0001045
0001046
0001047
0001048
0001049
0001050
0001051
0001052
0001053
0001054
0001055
0001056
0001057
0001058
0001059
0001060
0001061
0001062
0001063
0001064
0001065
0001066
0001067
0001068
0001069
0001070
0001071
0001072
0001073
0001074
0001075
0001076
0001077
0001078
0001079
0001080
0001081
0001082
0001083
0001084
0001085
0001086
0001087
0001088
0001089
0001090
0001091
0001092
0001093
0001094
0001095
0001096
0001097
0001098
0001099
0001100
0001101
0001102
0001103
0001104
0001105
0001106
0001107
0001108
0001109
0001110
0001111
0001112
0001113
0001114
0001115
0001116
0001117
0001118
0001119
0001120
0001121
0001122
0001123
0001124
0001125
0001126
0001127
0001128
0001129
0001130
0001131
0001132
0001133
0001134
0001135
0001136
0001137
0001138
0001139
0001140
0001141
0001142
0001143
0001144
0001145
0001146
0001147
0001148
0001149
0001150
0001151
0001152
0001153
0001154
0001155
0001156
0001157
0001158
0001159
0001160
0001161
0001162
0001163
0001164
0001165
0001166
0001167
0001168
0001169
0001170
0001171
0001172
0001173
0001174
0001175
0001176
0001177
0001178
0001179
0001180
0001181
0001182
0001183
0001184
0001185
0001186
0001187
0001188
0001189
0001190
0001191
0001192
0001193
0001194
0001195
0001196
0001197
0001198
0001199
0001200
0001201
0001202
0001203
0001204
0001205
0001206
0001207
0001208
0001209
0001210
0001211
0001212
0001213
0001214
0001215
0001216
0001217
0001218
0001219
0001220
0001221
0001222
0001223
0001224
0001225
0001226
0001227
0001228
0001229
0001230
0001231
0001232
0001233
0001234
0001235
0001236
0001237
0001238
0001239
0001240
0001241
0001242
0001243
0001244
0001245
0001246
0001247
0001248
0001249
0001250
0001251
0001252
0001253
0001254
0001255
0001256
0001257
0001258
0001259
0001260
0001261
0001262
0001263
0001264
0001265
0001266
0001267
0001268
0001269
0001270
0001271
0001272
0001273
0001274
0001275
0001276
0001277
0001278
0001279
0001280
0001281
0001282
0001283
0001284
0001285
0001286
0001287
0001288
0001289
0001290
0001291
0001292
0001293
0001294
0001295
0001296
0001297
0001298
0001299
0001300
0001301
0001302
0001303
0001304
0001305
0001306
0001307
0001308
0001309
0001310
0001311
0001312
0001313
0001314
0001315
0001316
0001317
0001318
0001319
0001320
0001321
0001322
0001323
0001324
0001325
0001326
0001327
0001328
0001329
0001330
0001331
0001332
0001333
0001334
0001335
0001336
0001337
0001338
0001339
0001340
0001341
0001342
0001343
0001344
0001345
0001346
0001347
0001348
0001349
0001350
0001351
0001352
0001353
0001354
0001355
0001356
0001357
0001358
0001359
0001360
0001361
0001362
0001363
0001364
0001365
0001366
0001367
0001368
0001369
0001370
0001371
0001372
0001373
0001374
0001375
0001376
0001377
0001378
0001379
0001380
0001381
0001382
0001383
0001384
0001385
0001386
0001387
0001388
0001389
0001390
0001391
0001392
0001393
0001394
0001395
0001396
0001397
0001398
0001399
0001400
0001401
0001402
0001403
0001404
0001405
0001406
0001407
0001408
0001409
0001410
0001411
0001412
0001413
0001414
0001415
0001416
0001417
0001418
0001419
0001420
0001421
0001422
0001423
0001424
0001425
0001426
0001427
0001428
0001429
0001430
0001431
0001432
0001433
0001434
0001435
0001436
0001437
0001438
0001439
0001440
0001441
0001442
0001443
0001444
0001445
0001446
0001447
0001448
0001449
0001450
0001451
0001452
0001453
0001454
0001455
0001456
0001457
0001458
0001459
0001460
0001461
0001462
0001463
0001464
0001465
0001466
0001467
0001468
0001469
0001470
0001471
0001472
0001473
0001474
0001475
0001476
0001477
0001478
0001479
0001480
0001481
0001482
0001483
0001484
0001485
0001486
0001487
0001488
0001489
0001490
0001491
0001492
0001493
0001494
0001495
0001496
0001497
0001498
0001499
0001500
0001501
0001502
0001503
0001504
0001505
0001506
0001507
0001508
0001509
0001510
0001511
0001512
0001513
0001514
0001515
0001516
0001517
0001518
0001519
0001520
0001521
0001522
0001523
0001524
0001525
0001526
0001527
0001528
0001529
0001530
0001531
0001532
0001533
0001534
0001535
0001536
0001537
0001538
0001539
0001540
0001541
0001542
0001543
0001544
0001545
0001546
0001547
0001548
0001549
0001550
0001551
0001552
0001553
0001554
0001555
0001556
0001557
0001558
0001559
0001560
0001561
0001562
0001563
0001564
0001565
0001566
0001567
0001568
0001569
0001570
0001571
0001572
0001573
0001574
0001575
0001576
0001577
0001578
0001579
0001580
0001581
0001582
0001583
0001584
0001585
0001586
0001587
0001588
0001589
0001590
0001591
0001592
0001593
0001594
0001595
0001596
0001597
0001598
0001599
0001600
0001601
0001602
0001603
0001604
0001605
0001606
0001607
0001608
0001609
0001610
0001611
0001612
0001613
0001614
0001615
0001616
0001617
0001618
0001619
0001620
0001621
0001622
0001623
0001624
0001625
0001626
0001627
0001628
0001629
0001630
0001631
0001632
0001633
0001634
0001635
0001636
0001637
0001638
0001639
0001640
0001641
0001642
0001643
0001644
0001645
0001646
0001647
0001648
0001649
0001650
0001651
0001652
0001653
0001654
0001655
0001656
0001657
0001658
0001659
0001660
0001661
0001662
0001663
0001664
0001665
0001666
0001667
0001668
0001669
0001670
0001671
0001672
0001673
0001674
0001675
0001676
0001677
0001678
0001679
0001680
0001681
0001682
0001683
0001684
0001685
0001686
0001687
0001688
0001689
0001690
0001691
0001692
0001693
0001694
0001695
0001696
0001697
0001698
0001699
0001700
0001701
0001702
0001703
0001704
0001705
0001706
0001707
0001708
0001709
0001710
0001711
0001712
0001713
0001714
0001715
0001716
0001717
0001718
0001719
0001720
0001721
0001722
0001723
0001724
0001725
0001726
0001727
0001728
0001729
0001730
0001731
0001732
0001733
0001734
0001735
0001736
0001737
0001738
0001739
0001740
0001741
0001742
0001743
0001744
0001745
0001746
0001747
0001748
0001749
0001750
0001751
0001752
0001753
0001754
0001755
0001756
0001757
0001758
0001759
0001760
0001761
0001762
0001763
0001764
0001765
0001766
0001767
0001768
0001769
0001770
0001771
0001772
0001773
0001774
0001775
0001776
0001777
0001778
0001779
0001780
0001781
0001782
0001783
0001784
0001785
0001786
0001787
0001788
0001789
0001790
0001791
0001792
0001793
0001794
0001795
0001796
0001797
0001798
0001799
0001800
0001801
0001802
0001803
0001804
0001805
0001806
0001807
0001808
0001809
0001810
0001811
0001812
0001813
0001814
0001815
0001816
0001817
0001818
0001819
0001820
0001821
0001822
0001823
0001824
0001825
0001826
0001827
0001828
0001829
0001830
0001831
0001832
0001833
0001834
0001835
0001836
0001837
0001838
0001839
0001840
0001841
0001842
0001843
0001844
0001845
0001846
0001847
0001848
0001849
0001850
0001851
0001852
0001853
0001854
0001855
0001856
0001857
0001858
0001859
0001860
0001861
0001862
0001863
0001864
0001865
0001866
0001867
0001868
0001869
0001870
0001871
0001872
0001873
0001874
0001875
0001876
0001877
0001878
0001879
0001880
0001881
0001882
0001883
0001884
0001885
0001886
0001887
0001888
0001889
0001890
0001891
0001892
0001893
0001894
0001895
0001896
0001897
0001898
0001899
0001900
0001901
0001902
0001903
0001904
0001905
0001906
0001907
0001908
0001909
0001910
0001911
0001912
0001913
0001914
0001915
0001916
0001917
0001918
0001919
0001920
0001921
0001922
0001923
0001924
0001925
0001926
0001927
0001928
0001929
0001930
0001931
0001932
0001933
0001934
0001935
0001936
0001937
0001938
0001939
0001940
0001941
0001942
0001943
0001944
0001945
0001946
0001947
0001948
0001949
0001950
0001951
0001952
0001953
0001954
0001955
0001956
0001957
0001958
0001959
0001960
0001961
0001962
0001963
0001964
0001965
0001966
0001967
0001968
0001969
0001970
0001971
0001972
0001973
0001974
0001975
0001976
0001977
0001978
0001979
0001980
0001981
0001982
0001983
0001984
0001985
0001986
0001987
0001988
0001989
0001990
0001991
0001992
0001993
0001994
0001995
0001996
0001997
0001998
0001999
0002000
0002001
0002002
0002003
0002004
0002005
0002006
0002007
0002008
0002009
0002010
0002011
0002012
0002013
0002014
0002015
0002016
0002017
0002018
0002019
0002020
0002021
0002022
0002023
0002024
0002025
0002026
0002027
0002028
0002029
0002030
0002031
0002032
0002033
0002034
0002035
0002036
0002037
0002038
0002039
0002040
0002041
0002042
0002043
0002044
0002045
0002046
0002047
0002048
0002049
0002050
0002051
0002052
0002053
0002054
0002055
0002056
0002057
0002058
0002059
0002060
0002061
0002062
0002063
0002064
0002065
0002066
0002067
0002068
0002069
0002070
0002071
0002072
0002073
0002074
0002075
0002076
0002077
0002078
0002079
0002080
0002081
0002082
0002083
0002084
0002085
0002086
0002087
0002088
0002089
0002090
0002091
0002092
0002093
0002094
0002095
0002096
0002097
0002098
0002099
0002100
0002101
0002102
0002103
0002104
0002105
0002106
0002107
0002108
0002109
0002110
0002111
0002112
0002113
0002114
0002115
0002116
0002117
0002118
0002119
0002120
0002121
0002122
0002123
0002124
0002125
0002126
0002127
0002128
0002129
0002130
0002131
0002132
0002133
0002134
0002135
0002136
0002137
0002138
0002139
0002140
0002141
0002142
0002143
0002144
0002145
0002146
0002147
0002148
0002149
0002150
0002151
0002152
0002153
0002154
0002155
0002156
0002157
0002158
0002159
0002160
0002161
0002162
0002163
0002164
0002165
0002166
0002167
0002168
0002169
0002170
0002171
0002172
0002173
0002174
0002175
0002176
0002177
0002178
0002179
0002180
0002181
0002182
0002183
0002184
0002185
0002186
0002187
0002188
0002189
0002190
0002191
0002192
0002193
0002194
0002195
0002196
0002197
0002198
0002199
0002200
0002201
0002202
0002203
0002204
0002205
0002206
0002207
0002208
0002209
0002210
0002211
0002212
0002213
0002214
0002215
0002216
0002217
0002218
0002219
0002220
0002221
0002222
0002223
0002224
0002225
0002226
0002227
0002228
0002229
0002230
0002231
0002232
0002233
0002234
0002235
0002236
0002237
0002238
0002239
0002240
0002241
0002242
0002243
0002244
0002245
0002246
0002247
0002248
0002249
0002250
0002251
0002252
0002253
0002254
0002255
0002256
0002257
0002258
0002259
0002260
0002261
0002262
0002263
0002264
0002265
0002266
0002267
0002268
0002269
0002270
0002271
0002272
0002273
0002274
0002275
0002276
0002277
0002278
0002279
0002280
0002281
0002282
0002283
0002284
0002285
0002286
0002287
0002288
0002289
0002290
0002291
0002292
0002293
0002294
0002295
0002296
0002297
0002298
0002299
0002300
0002301
0002302
0002303
0002304
0002305
0002306
0002307
0002308
0002309
0002310
0002311
0002312
0002313
0002314
0002315
0002316
0002317
0002318
0002319
0002320
0002321
0002322
0002323
0002324
0002325
0002326
0002327
0002328
0002329
0002330
0002331
0002332
0002333
0002334
0002335
0002336
0002337
0002338
0002339
0002340
0002341
0002342
0002343
0002344
0002345
0002346
0002347
0002348
0002349
0002350
0002351
0002352
0002353
0002354
0002355
0002356
0002357
0002358
0002359
0002360
0002361
0002362
0002363
0002364
0002365
0002366
0002367
0002368
0002369
0002370
0002371
0002372
0002373
0002374
0002375
0002376
0002377
0002378
0002379
0002380
0002381
0002382
0002383
0002384
0002385
0002386
0002387
0002388
0002389
0002390
0002391
0002392
0002393
0002394
0002395
0002396
0002397
0002398
0002399
0002400
0002401
0002402
0002403
0002404
0002405
0002406
0002407
0002408
0002409
0002410
0002411
0002412
0002413
0002414
0002415
0002416
0002417
0002418
0002419
0002420
0002421
0002422
0002423
0002424
0002425
0002426
0002427
0002428
0002429
0002430
0002431
0002432
0002433
0002434
0002435
0002436
0002437
0002438
0002439
0002440
0002441
0002442
0002443
0002444
0002445
0002446
0002447
0002448
0002449
0002450
0002451
0002452
0002453
0002454
0002455
0002456
0002457
0002458
0002459
0002460
0002461
0002462
0002463
0002464
0002465
0002466
0002467
0002468
0002469
0002470
0002471
0002472
0002473
0002474
0002475
0002476
0002477
0002478
0002479
0002480
0002481
0002482
0002483
0002484
0002485
0002486
0002487
0002488
0002489
0002490
0002491
0002492
0002493
0002494
0002495
0002496
0002497
0002498
0002499
0002500